%YAML:1.0
---
Size: [ 672, 376 ]
K_LEFT: !!opencv-matrix
   rows: 3
   cols: 3
   dt: d
   data: [ 268.86109630945231, 0., 334.21633277548739, 0.,
       263.60568474092889, 193.31137763715844, 0., 0., 1. ]
D_LEFT: !!opencv-matrix
   rows: 1
   cols: 14
   dt: d
   data: [ 0.21143711168581511, -0.012573025359088445, 0., 0., 0., 0.,
       0., 0.043958554348535864, 0., 0., 0., 0., 0., 0. ]
K_RIGHT: !!opencv-matrix
   rows: 3
   cols: 3
   dt: d
   data: [ 268.86109630945231, 0., 326.51003753008371, 0.,
       263.60568474092889, 190.89010106887173, 0., 0., 1. ]
D_RIGHT: !!opencv-matrix
   rows: 1
   cols: 14
   dt: d
   data: [ 0.20867815855755595, 0.14230437690789521, 0., 0., 0., 0., 0.,
       0.18234195624866958, 0., 0., 0., 0., 0., 0. ]
R: !!opencv-matrix
   rows: 3
   cols: 3
   dt: d
   data: [ 0.99870180760152005, -0.0028439976321178112,
       -0.050858737409860091, 0.0023054577261775091, 0.99994068833467253,
       -0.010644466987785645, 0.050885993732356277, 0.010513395752551039,
       0.99864912965045982 ]
T: !!opencv-matrix
   rows: 3
   cols: 1
   dt: d
   data: [ -32.85587693727058, 0.30711003272024368, 8.8930590408306287 ]

