%YAML:1.0
---
Size: [ 672, 376 ]
K_LEFT: !!opencv-matrix
   rows: 3
   cols: 3
   dt: d
   data: [ 243.50477274851059, 0., 335.5, 0., 237.81693528536962, 187.5,
       0., 0., 1. ]
D_LEFT: !!opencv-matrix
   rows: 1
   cols: 14
   dt: d
   data: [ 0., 0., 0., 0., 0., 0., 0., 0., 0., 0., 0., 0., 0., 0. ]
K_RIGHT: !!opencv-matrix
   rows: 3
   cols: 3
   dt: d
   data: [ 237.25598015787233, 0., 335.5, 0., 233.54641629669453, 187.5,
       0., 0., 1. ]
D_RIGHT: !!opencv-matrix
   rows: 1
   cols: 14
   dt: d
   data: [ 0., 0., 0., 0., 0., 0., 0., 0., 0., 0., 0., 0., 0., 0. ]
R: !!opencv-matrix
   rows: 3
   cols: 3
   dt: d
   data: [ 0.99599411601712451, -0.0048494514869002062,
       -0.089287197735973517, 0.0031268833392036144, 0.99980648125584426,
       -0.019422220248728264, 0.089364106104462576, 0.019065226436717209,
       0.99581653615566512 ]
T: !!opencv-matrix
   rows: 3
   cols: 1
   dt: d
   data: [ -31.605658454104542, -2.396309883146595, 3.8489485724631312 ]
