%YAML:1.0
---
Size: [ 672, 376 ]
K_LEFT: !!opencv-matrix
   rows: 3
   cols: 3
   dt: d
   data: [ 239.82906843177875, 0., 334.28154552753375, 0.,
       199.56275445943336, 213.2230537117419, 0., 0., 1. ]
D_LEFT: !!opencv-matrix
   rows: 1
   cols: 14
   dt: d
   data: [ -0.14303496351529552, -0.026493032575004221, 0., 0., 0., 0.,
       0., -0.015419931689949316, 0., 0., 0., 0., 0., 0. ]
K_RIGHT: !!opencv-matrix
   rows: 3
   cols: 3
   dt: d
   data: [ 239.82906843177875, 0., 572.50333985052021, 0.,
       199.56275445943336, 392.17040053757313, 0., 0., 1. ]
D_RIGHT: !!opencv-matrix
   rows: 1
   cols: 14
   dt: d
   data: [ 0.41811063220903072, 0.045301472053550708, 0., 0., 0., 0., 0.,
       0.029228259738061209, 0., 0., 0., 0., 0., 0. ]
R: !!opencv-matrix
   rows: 3
   cols: 3
   dt: d
   data: [ 0.44902368092524297, 0.89163987148344359,
       -0.057931628229613202, -0.7883453626863951, 0.42585456666732191,
       0.44402643747804471, 0.42058212408422935, -0.15370825491682602,
       0.89413894293405116 ]
T: !!opencv-matrix
   rows: 3
   cols: 1
   dt: d
   data: [ -63.528445371381395, -1035.3918193207801, 272.5347714957669 ]
