%YAML:1.0
---
Size: [ 672, 376 ]
K_LEFT: !!opencv-matrix
   rows: 3
   cols: 3
   dt: d
   data: [ 251.54934587701916, 0., 336.16174495566923, 0.,
       229.89505267432946, 187.1873194703966, 0., 0., 1. ]
D_LEFT: !!opencv-matrix
   rows: 1
   cols: 14
   dt: d
   data: [ 0.20521631918640229, 0.11951156593757827, 0., 0., 0., 0., 0.,
       0.25111457415204247, 0., 0., 0., 0., 0., 0. ]
K_RIGHT: !!opencv-matrix
   rows: 3
   cols: 3
   dt: d
   data: [ 251.54934587701916, 0., 336.21740073677557, 0.,
       229.89505267432946, 193.02684793075446, 0., 0., 1. ]
D_RIGHT: !!opencv-matrix
   rows: 1
   cols: 14
   dt: d
   data: [ 0.2023946916605725, 0.078061063945939826, 0., 0., 0., 0., 0.,
       0.20019281887738752, 0., 0., 0., 0., 0., 0. ]
R: !!opencv-matrix
   rows: 3
   cols: 3
   dt: d
   data: [ 0.99994738841628361, -0.0051039591106395599,
       -0.0088977525730385958, 0.0048575884674237329,
       0.99961016073382936, -0.027494188330791272, 0.0090346130927255238,
       0.027449520197715412, 0.99958236259308819 ]
T: !!opencv-matrix
   rows: 3
   cols: 1
   dt: d
   data: [ -110.53646068149936, 4.9393203163420427, 12.116628189031386 ]