%YAML:1.0
---
Size: [ 672, 376 ]
K_LEFT: !!opencv-matrix
   rows: 3
   cols: 3
   dt: d
   data: [ 780.95736340595704, 0., 336.07948680335312, 0.,
       788.78728522304391, 195.53868680460334, 0., 0., 1. ]
D_LEFT: !!opencv-matrix
   rows: 1
   cols: 14
   dt: d
   data: [ 2.6001713253592631, -32.582246558705108, 0., 0., 0., 0., 0.,
       110.70844744667825, 0., 0., 0., 0., 0., 0. ]
K_RIGHT: !!opencv-matrix
   rows: 3
   cols: 3
   dt: d
   data: [ 780.95736340595704, 0., 255.33132104914324, 0.,
       788.78728522304391, 128.69433534522506, 0., 0., 1. ]
D_RIGHT: !!opencv-matrix
   rows: 1
   cols: 14
   dt: d
   data: [ -6.4891634958064985, 0.63946380171700634, 0., 0., 0., 0., 0.,
       -260.80365820329251, 0., 0., 0., 0., 0., 0. ]
R: !!opencv-matrix
   rows: 3
   cols: 3
   dt: d
   data: [ -0.6921002095709119, 0.71855501604691918,
       -0.068381202283312639, -0.69702816345851915, -0.64073338461871576,
       0.32188890813553755, 0.18748077036737254, 0.27044300462178045,
       0.9443047929527838 ]
T: !!opencv-matrix
   rows: 3
   cols: 1
   dt: d
   data: [ 476.11141975549276, -240.99418131653852, 844.16240759745074 ]
