%YAML:1.0
---
Size: [ 672, 376 ]
K_LEFT: !!opencv-matrix
   rows: 3
   cols: 3
   dt: d
   data: [ 309.52965493831397, 0., 337.53245676275043, 0.,
       310.50501646262268, 184.92078684136948, 0., 0., 1. ]
D_LEFT: !!opencv-matrix
   rows: 1
   cols: 14
   dt: d
   data: [ 0.075799704503562465, 0.12059534411886151, 0., 0., 0., 0., 0.,
       0.1095569522898627, 0., 0., 0., 0., 0., 0. ]
K_RIGHT: !!opencv-matrix
   rows: 3
   cols: 3
   dt: d
   data: [ 309.52965493831397, 0., 334.00521383977951, 0.,
       310.50501646262268, 183.13534831248796, 0., 0., 1. ]
D_RIGHT: !!opencv-matrix
   rows: 1
   cols: 14
   dt: d
   data: [ 0.097342135662531831, 0.022070989778980827, 0., 0., 0., 0.,
       0., -0.0029745480183436812, 0., 0., 0., 0., 0., 0. ]
R: !!opencv-matrix
   rows: 3
   cols: 3
   dt: d
   data: [ 0.99983618648578065, 0.0013627863317177767,
       -0.018048351918813193, -0.0012939502113331338,
       0.99999184707043787, 0.0038251124825999039, 0.018053417582879854,
       -0.003801132208702279, 0.99982979826944052 ]
T: !!opencv-matrix
   rows: 3
   cols: 1
   dt: d
   data: [ -34.819804206013899, 2.1369822316330431, 0.69474033794686207 ]
