Size: [ 1920, 1080 ]
K_LEFT: !!opencv-matrix
   rows: 3
   cols: 3
   dt: d
   data: [ 1.0561739630740988e+03, 0., 9.5479955903388236e+02, 0.,
       1.0655101534583052e+03, 5.4070306647256541e+02, 0., 0., 1. ]
D_LEFT: !!opencv-matrix
   rows: 1
   cols: 5
   dt: d
   data: [ -6.4250800697725263e-02, -7.0204351793832541e-03, 0., 0.,
       8.0362928754728780e-02 ]
K_RIGHT: !!opencv-matrix
   rows: 3
   cols: 3
   dt: d
   data: [ 1.0561739630740988e+03, 0., 9.7453658709437184e+02, 0.,
       1.0655101534583052e+03, 5.4358313913173276e+02, 0., 0., 1. ]
D_RIGHT: !!opencv-matrix
   rows: 1
   cols: 5
   dt: d
   data: [ -7.2554189408452013e-02, 3.9498684241329227e-02, 0., 0.,
       1.4743060765212916e-02 ]
R: !!opencv-matrix
   rows: 3
   cols: 3
   dt: d
   data: [ 9.9999985785830647e-01, 1.9732823768579258e-04,
       -4.9532305964778301e-04, -1.9645202059419688e-04,
       9.9999841707077197e-01, 1.7684067840452640e-03,
       4.9567123218064520e-04, -1.7683092254650132e-03,
       9.9999831369483450e-01 ]
T: !!opencv-matrix
   rows: 3
   cols: 1
   dt: d
   data: [ -1.1850257183526959e+02, 7.4052171607266154e-02,
       2.4289485282965835e+00 ]